0.369297 -0.0819302 0.263646 0.39227 0.111258 0.0681553
0.369461 -0.0819336 0.237308 0.419631 0.110994 0.068768
0.369478 -0.0557487 0.234088 0.423363 0.0843632 0.068721
0.369485 -0.0523799 0.259985 0.396406 0.0811783 0.0679437
0.369481 -0.0257119 0.263191 0.393338 0.0542035 0.0678283
0.369463 -0.0223333 0.237064 0.420199 0.0504838 0.0685587
0.369465 0.00417369 0.234073 0.423537 0.0235734 0.0686885
0.369466 0.00768369 0.260162 0.396582 0.0203075 0.0679191
0.369503 0.0339197 0.263164 0.39456 -0.00631701 0.0680288
0.369465 0.0376427 0.237153 0.421368 -0.010457 0.0688057
