0.430889 -0.0866729 0.321833 0.338723 0.120516 0.00279692
0.431068 -0.0866595 0.296214 0.36491 0.119747 0.0034818
0.431098 -0.0615204 0.292567 0.36927 0.0943467 0.00354426
0.431083 -0.0574217 0.317387 0.343948 0.0909447 0.0027149
0.431085 -0.0314774 0.321118 0.340416 0.0649322 0.00253732
0.431095 -0.0273392 0.296054 0.365975 0.0600225 0.00340848
0.431097 -0.00154084 0.292454 0.36941 0.0339084 0.00352417
0.431075 0.00266192 0.31749 0.343713 0.0303513 0.00268314
0.431099 0.0283117 0.321148 0.339277 0.00445839 0.00250452
0.431083 0.0326504 0.296087 0.36469 -0.000680227 0.00338817
